5.065506e-01  6.065886e-02  4.242631e-01  	7.523601e+00  5.771341e+00  8.452340e+00  3.526873e+00  5.676095e+00  2.277955e+01  6.893097e+00  5.186891e-01  1.000850e+01  1.910209e+01  3.331058e+01  1  0  0  0  0  
4.939832e-01  1.308426e-01  4.108412e-01  	6.665219e+00  5.537262e+00  9.567665e+00  3.779371e+00  1.100281e+01  2.166837e+01  4.802312e+00  1.300283e+00  4.968899e+00  1.147559e+01  2.346747e+01  1  0  0  0  0  
4.994110e-01  9.368688e-02  4.151684e-01  	5.706504e+00  4.911778e+00  9.000547e+00  5.135377e+00  1.137130e+01  2.142080e+01  4.369332e+00  1.232801e+00  5.948227e+00  8.307315e+00  2.378920e+01  1  0  0  0  0  
5.010711e-01  9.332272e-02  4.181044e-01  	6.795680e+00  5.205962e+00  7.596348e+00  4.953899e+00  6.636178e+00  2.395622e+01  6.340545e+00  6.306045e-01  1.004330e+01  1.517456e+01  3.067843e+01  1  0  0  0  0  
5.082933e-01  3.754068e-02  4.259029e-01  	6.922197e+00  5.885638e+00  1.036986e+01  2.446393e+00  8.989574e+00  2.639939e+01  2.566968e+00  3.426095e-01  6.715643e+00  1.386641e+01  3.179141e+01  1  0  0  0  0  
4.958282e-01  1.205877e-01  4.148808e-01  	6.550657e+00  5.428263e+00  9.045031e+00  3.797691e+00  9.572236e+00  2.329134e+01  4.540585e+00  1.461253e+00  4.997249e+00  1.316960e+01  2.617787e+01  1  0  0  0  0  
5.036505e-01  7.302820e-02  4.223218e-01  	6.775693e+00  5.172899e+00  9.630718e+00  3.594407e+00  9.580023e+00  2.392659e+01  3.994253e+00  9.488484e-01  6.210329e+00  1.227765e+01  2.943588e+01  1  0  0  0  0  
4.844706e-01  1.721448e-01  3.883670e-01  	6.945136e+00  5.134468e+00  4.096922e+00  8.165859e+00  7.069456e+00  1.400052e+01  1.332143e+01  6.468704e+00  5.234560e+00  1.318597e+01  5.538860e+00  1  0  0  0  0  
5.015177e-01  9.144131e-02  4.156343e-01  	6.101978e+00  5.598017e+00  8.587242e+00  3.830149e+00  9.312319e+00  2.395754e+01  4.064857e+00  1.574566e+00  5.833682e+00  1.127146e+01  2.789609e+01  1  0  0  0  0  
5.053803e-01  6.777482e-02  4.218284e-01  	7.092914e+00  5.538587e+00  9.934476e+00  2.914302e+00  8.466555e+00  2.541532e+01  3.581053e+00  7.219975e-01  6.622393e+00  1.335845e+01  3.276419e+01  1  0  0  0  0  
4.949246e-01  1.163438e-01  4.081254e-01  	5.998375e+00  5.218145e+00  6.597945e+00  5.512014e+00  5.860991e+00  1.794734e+01  1.198493e+01  9.220500e-01  1.091855e+01  1.887210e+01  2.035214e+01  1  0  0  0  0  
5.012292e-01  8.234889e-02  4.175948e-01  	6.785077e+00  5.635081e+00  9.763516e+00  1.980104e+00  4.670066e+00  2.434041e+01  6.412322e+00  3.881198e-01  1.044606e+01  2.430797e+01  3.355204e+01  1  0  0  0  0  
4.708893e-01  1.441020e-01  4.218359e-01  	5.846507e+00  5.715605e+00  2.946453e+00  4.972272e+00  1.140264e+01  1.384298e+01  9.335725e+00  1.026790e+01  3.927599e+00  9.239145e+00  -7.985676e+00  1  0  0  0  0  
5.034533e-01  1.738370e-01  4.042712e-01  	5.937221e+00  5.702483e+00  4.442876e+00  3.809493e+00  9.007046e+00  1.601650e+01  9.546657e+00  6.236251e+00  5.428869e+00  1.215477e+01  6.177974e-01  1  0  0  0  0  
4.760348e-01  1.695078e-01  4.032756e-01  	6.893867e+00  4.341042e+00  3.602632e+00  7.815001e+00  9.674557e+00  1.434554e+01  9.225209e+00  6.942574e+00  2.152158e+00  5.649778e+00  4.193072e+00  1  0  0  0  0  
4.911203e-01  1.321424e-01  4.082433e-01  	6.082555e+00  5.886017e+00  7.225784e+00  4.664520e+00  4.246643e+00  2.258435e+01  8.737183e+00  1.020694e+00  1.216796e+01  1.922161e+01  2.810933e+01  1  0  0  0  0  
4.830086e-01  1.440178e-01  4.147540e-01  	7.343835e+00  5.041163e+00  5.708764e+00  6.252174e+00  6.970075e+00  1.674552e+01  8.593450e+00  3.394016e+00  1.614551e+00  1.009083e+01  1.824308e+01  1  0  0  0  0  
5.056908e-01  5.791340e-02  4.259771e-01  	7.925422e+00  5.735003e+00  8.141023e+00  3.404936e+00  4.122457e+00  2.554177e+01  6.327866e+00  3.671109e-01  1.060791e+01  2.123219e+01  3.491511e+01  1  0  0  0  0  
5.029763e-01  8.611758e-02  4.197846e-01  	7.386348e+00  5.918770e+00  9.649265e+00  3.011142e+00  8.525165e+00  2.498998e+01  3.615348e+00  8.895614e-01  6.811907e+00  1.358424e+01  3.206509e+01  1  0  0  0  0  
5.029769e-01  8.258735e-02  4.217802e-01  	7.773769e+00  5.459982e+00  9.067219e+00  2.907484e+00  4.624872e+00  2.349175e+01  7.041405e+00  5.174450e-01  9.736145e+00  2.182144e+01  3.535337e+01  1  0  0  0  0  
4.956209e-01  1.734859e-01  4.105409e-01  	9.042170e+00  2.584107e+00  1.732623e+00  1.067934e+01  1.919434e+01  7.581903e+00  9.843696e+00  4.153526e+00  -8.826443e-01  4.925341e+00  -2.395730e+01  0  1  0  0  0  
5.003634e-01  1.194071e-01  4.205378e-01  	9.101525e+00  2.105264e+00  1.387457e+00  9.369331e+00  2.024846e+01  7.135338e+00  8.524540e+00  6.723044e+00  -3.450769e+00  1.489656e+00  -2.602558e+01  0  1  0  0  0  
4.952787e-01  1.438416e-01  4.149146e-01  	8.318783e+00  3.253835e+00  1.734160e+00  8.335737e+00  1.819918e+01  9.206201e+00  8.179464e+00  6.992028e+00  -2.290902e+00  1.646215e+00  -2.244003e+01  0  1  0  0  0  
4.350015e-01  1.741938e-01  4.366795e-01  	8.326556e+00  3.060253e+00  1.979357e+00  8.987320e+00  2.118132e+01  7.051468e+00  8.066445e+00  6.631038e+00  -2.283578e+00  3.050705e-01  -2.770801e+01  0  1  0  0  0  
3.905006e-01  2.059176e-01  4.297779e-01  	8.537394e+00  3.185430e+00  1.575541e+00  1.052091e+01  1.633342e+01  8.507711e+00  7.982375e+00  7.503065e+00  -5.461074e+00  -2.176937e-02  -1.788846e+01  0  1  0  0  0  
4.939683e-01  1.611367e-01  4.174667e-01  	8.868249e+00  2.984306e+00  1.868746e+00  1.076521e+01  1.760216e+01  8.085103e+00  7.831447e+00  6.486370e+00  -5.514603e+00  8.910615e-01  -1.978877e+01  0  1  0  0  0  
4.319233e-01  3.111219e-01  3.419053e-01  	9.205777e+00  2.471898e+00  1.858727e+00  1.042342e+01  1.623740e+01  8.437488e+00  1.213992e+01  2.902833e+00  2.744448e+00  1.318116e+01  -1.570952e+01  0  0  1  0  0  
2.916118e-01  3.760012e-01  3.521355e-01  	7.838315e+00  3.719670e+00  3.389784e+00  1.044427e+01  1.604611e+01  9.243662e+00  9.049819e+00  5.715843e+00  -2.038068e+00  4.361989e+00  -1.137202e+01  0  0  1  0  0  
4.843938e-01  3.073734e-01  3.110275e-01  	9.065170e+00  2.814205e+00  1.826496e+00  7.943407e+00  1.714452e+01  1.102113e+01  1.008867e+01  3.853732e+00  5.477766e+00  1.314487e+01  -1.551499e+01  0  0  1  0  0  
4.341923e-01  3.244022e-01  3.359700e-01  	8.464979e+00  2.780438e+00  2.067505e+00  9.075819e+00  1.418911e+01  1.004248e+01  1.039789e+01  5.443706e+00  -1.620618e-01  9.808220e+00  -8.273855e+00  0  0  1  0  0  
4.096402e-01  3.101991e-01  3.508346e-01  	7.722120e+00  3.235730e+00  2.607930e+00  1.032436e+01  1.138235e+01  1.184219e+01  1.011220e+01  5.229444e+00  7.676159e-01  1.078780e+01  -5.359313e+00  0  0  1  0  0  
3.698731e-01  3.349087e-01  3.599940e-01  	7.158997e+00  4.122257e+00  3.040335e+00  7.491798e+00  1.308913e+01  1.293237e+01  9.549369e+00  3.621865e+00  6.171106e+00  1.410323e+01  -7.184544e+00  0  0  1  0  0  
4.104280e-01  4.675397e-01  1.091220e-01  	5.410351e+00  6.960399e+00  3.174773e+00  1.862497e+01  1.107501e+01  2.543739e+00  1.410998e+01  1.423791e+01  -1.660489e+01  -5.137237e+00  -2.646370e+01  0  0  0  1  0  
4.006291e-01  4.458641e-01  1.758855e-01  	5.326362e+00  5.929202e+00  6.283609e+00  1.688617e+01  9.609222e+00  3.652193e+00  1.462065e+01  1.156689e+01  -1.567727e+01  5.178979e-01  -1.672478e+01  0  0  0  1  0  
6.196148e-01  5.509554e-02  1.585294e-01  	1.138684e+01  8.186612e-01  1.471539e+01  5.945580e+00  5.677390e+00  2.189893e+00  1.955010e+01  1.039038e+01  -2.347207e+01  2.577568e+01  -3.005331e+00  0  0  0  1  0  
4.061920e-01  4.650404e-01  1.256555e-01  	5.327936e+00  6.858270e+00  4.821460e+00  1.756138e+01  1.028109e+01  2.400507e+00  1.625306e+01  1.133789e+01  -1.497617e+01  1.359996e+00  -2.402445e+01  0  0  0  1  0  
4.084306e-01  4.642871e-01  1.214834e-01  	6.152080e+00  6.658759e+00  3.901059e+00  1.693313e+01  1.128497e+01  3.841589e+00  1.582161e+01  1.115169e+01  -1.328900e+01  -3.360704e-01  -2.114165e+01  0  0  0  1  0  
4.077923e-01  4.540518e-01  1.505776e-01  	6.358530e+00  5.564086e+00  6.077624e+00  1.516915e+01  8.483306e+00  5.059697e+00  1.375820e+01  1.233022e+01  -1.560250e+01  3.271138e+00  -1.242390e+01  0  0  0  1  0  
4.068995e-01  4.542625e-01  1.164350e-01  	4.912740e+00  6.281209e+00  5.167951e+00  1.652879e+01  9.867243e+00  3.392961e+00  1.732145e+01  9.444591e+00  -1.115529e+01  9.719675e-01  -1.694915e+01  0  0  0  1  0  
3.950747e-01  4.505527e-01  1.614658e-01  	3.901331e+00  7.889139e+00  4.061011e+00  1.664813e+01  1.003364e+01  4.008331e+00  1.300646e+01  1.451192e+01  -1.439968e+01  -7.115019e+00  -2.141384e+01  0  0  0  1  0  
5.981201e-01  1.576026e-01  1.606955e-01  	9.224959e+00  1.659882e+00  1.354587e+01  6.776903e+00  4.936688e+00  3.964859e+00  1.518001e+01  1.110014e+01  -2.124315e+01  2.301276e+01  2.255064e+00  0  0  0  1  0  
6.045058e-01  1.275763e-01  1.761000e-01  	8.605412e+00  1.960014e+00  1.092396e+01  8.722913e+00  5.479967e+00  3.392644e+00  1.690452e+01  1.170156e+01  -2.058689e+01  1.916640e+01  -7.768229e+00  0  0  0  1  0  
4.252317e-01  4.441131e-01  1.166258e-01  	8.307417e+00  2.647017e+00  1.203409e+01  1.170209e+01  5.077424e+00  1.354761e+01  1.054209e+01  2.410522e+00  -1.138358e+01  2.090199e+01  2.155681e+01  0  0  0  1  0  
4.034243e-01  4.629834e-01  1.352932e-01  	6.057955e+00  6.028590e+00  5.412547e+00  1.610084e+01  8.703987e+00  4.856892e+00  1.420366e+01  1.152083e+01  -1.482360e+01  2.200784e+00  -1.416832e+01  0  0  0  1  0  
4.082043e-01  4.655928e-01  1.230703e-01  	5.516140e+00  6.422528e+00  4.149507e+00  1.597872e+01  1.130033e+01  4.576531e+00  1.378384e+01  1.264828e+01  -1.378823e+01  -2.642821e+00  -1.924917e+01  0  0  0  1  0  
3.997582e-01  4.572161e-01  1.461969e-01  	6.351234e+00  3.757473e+00  1.568407e+01  8.349161e+00  4.457485e+00  7.904688e+00  1.483187e+01  3.576996e+00  -1.561307e+01  2.244864e+01  9.879579e+00  0  0  0  1  0  
4.119002e-01  4.593739e-01  1.297016e-01  	6.055730e+00  6.432562e+00  5.019751e+00  1.743428e+01  9.200193e+00  2.864364e+00  1.541307e+01  1.115331e+01  -1.607696e+01  1.747732e+00  -1.720639e+01  0  0  0  1  0  
5.523431e-01  1.361158e-01  1.721714e-01  	8.400631e+00  5.358729e-01  1.359408e+01  4.685471e+00  4.084716e+00  1.170210e+01  1.127180e+01  3.126911e+00  -1.142232e+01  3.295443e+01  1.896104e+01  0  0  0  1  0  
4.100823e-01  4.625968e-01  1.340909e-01  	5.981134e+00  6.353503e+00  4.703636e+00  1.670267e+01  1.118845e+01  3.328104e+00  1.540602e+01  1.155046e+01  -1.397352e+01  7.769934e-01  -2.204256e+01  0  0  0  1  0  
4.112981e-01  4.560008e-01  1.333985e-01  	6.139506e+00  5.926772e+00  4.723634e+00  1.700229e+01  9.201869e+00  3.672612e+00  1.635080e+01  1.061320e+01  -1.465942e+01  3.385261e+00  -1.862103e+01  0  0  0  1  0  
4.104748e-01  4.629446e-01  1.206146e-01  	5.899196e+00  6.569953e+00  4.252109e+00  1.748771e+01  1.097984e+01  2.053798e+00  1.576919e+01  1.225034e+01  -1.700553e+01  -1.219606e+00  -2.377827e+01  0  0  0  1  0  
4.062285e-01  4.455066e-01  1.662129e-01  	7.223606e+00  3.740608e+00  1.440068e+01  9.290707e+00  4.726846e+00  8.341862e+00  1.407432e+01  4.186646e+00  -1.557906e+01  2.063539e+01  1.433267e+01  0  0  0  1  0  
3.842533e-01  3.885059e-01  2.162221e-01  	3.992603e+00  3.346303e+00  3.706972e+00  9.761742e+00  7.118801e+00  9.260407e+00  7.623351e+00  8.912259e+00  -3.827883e+00  -1.886836e+00  -4.109074e-01  0  0  0  0  1  
2.363103e-01  4.016507e-01  2.907869e-01  	1.820087e+00  5.056617e+00  1.994653e+00  2.554508e+00  5.232676e+00  1.074459e+01  1.308135e+01  8.686279e+00  9.156669e+00  2.640856e+00  1.316591e+00  0  0  0  0  1  
3.933918e-01  2.979714e-01  2.197625e-01  	6.078542e+00  2.653852e+00  6.696723e+00  8.030417e+00  7.710241e+00  8.357207e+00  7.690773e+00  1.071517e+01  -1.312175e+01  2.118567e-01  5.846760e+00  0  0  0  0  1  
2.620771e-01  3.371999e-01  3.634782e-01  	2.935892e+00  4.671323e+00  2.477682e-01  5.836088e+00  6.267122e+00  1.163718e+01  1.054909e+01  8.176779e+00  8.623417e+00  5.934439e+00  -4.015330e+00  0  0  0  0  1  
3.214017e-01  3.455425e-01  2.105219e-01  	2.627368e+00  5.687380e+00  2.896763e+00  7.979327e+00  7.461647e+00  1.056185e+01  1.019292e+01  1.010742e+01  3.020403e+00  1.523132e+00  -4.633474e+00  0  0  0  0  1  
3.652281e-01  3.796127e-01  2.203260e-01  	4.247069e+00  3.607918e+00  5.811031e+00  8.365469e+00  8.181078e+00  8.054501e+00  8.270345e+00  7.599373e+00  -6.427580e+00  6.522208e-01  2.005713e+00  0  0  0  0  1  
4.704546e-01  2.098349e-01  2.796719e-01  	6.848456e+00  3.498885e+00  4.455858e+00  6.608750e+00  9.488674e+00  1.222890e+01  1.245633e+01  1.081405e+01  -9.026662e-01  1.068245e+01  5.087353e-01  0  0  0  0  1  
2.936997e-01  3.268959e-01  3.099081e-01  	4.244058e+00  3.467023e+00  3.744331e+00  9.481908e+00  1.030821e+01  8.728361e+00  8.239203e+00  7.081281e+00  -4.010481e+00  -2.396169e+00  -1.001502e+00  0  0  0  0  1  
2.159752e-01  3.769753e-01  3.659228e-01  	2.468668e+00  5.031461e+00  5.319376e+00  9.226968e+00  1.049827e+01  8.361444e+00  9.868830e+00  7.201206e+00  -2.352288e+00  -7.814938e+00  6.790889e-01  0  0  0  0  1  
3.826725e-01  3.188980e-01  3.348896e-01  	4.805982e+00  5.586120e+00  5.713553e+00  8.453242e+00  9.393306e+00  1.021927e+01  9.341997e+00  6.353991e+00  -2.122548e+00  4.951437e+00  1.527572e+00  0  0  0  0  1  
3.217069e-01  3.780054e-01  2.740953e-01  	4.860381e+00  5.884736e+00  4.669250e+00  7.292940e+00  8.983405e+00  1.060718e+01  9.914082e+00  8.784540e+00  -4.276400e+00  2.740539e+00  1.495232e+00  0  0  0  0  1  
2.950888e-01  3.573826e-01  2.226585e-01  	3.109305e+00  5.734096e+00  3.170945e+00  4.792029e+00  8.687714e+00  1.027954e+01  6.367849e+00  1.482829e+01  -6.113206e+00  -6.599844e+00  2.218547e+00  0  0  0  0  1  
3.384367e-01  2.564016e-01  2.788819e-01  	3.607840e+00  3.441637e+00  4.925529e+00  5.887191e+00  8.377779e+00  1.098306e+01  1.278928e+01  9.497321e+00  2.718151e+00  8.424712e+00  -3.580373e+00  0  0  0  0  1  
3.464048e-01  2.788826e-01  3.687633e-01  	5.788581e+00  4.654010e+00  5.836569e+00  9.358823e+00  9.519637e+00  6.701314e+00  8.290585e+00  1.231495e+01  -1.242974e+01  -3.345454e+00  2.922122e+00  0  0  0  0  1  
4.052164e-01  3.511938e-01  2.487390e-01  	6.064176e+00  3.606721e+00  8.303792e+00  5.138225e+00  7.205323e+00  8.203609e+00  9.447701e+00  1.117940e+01  -1.206981e+01  5.856667e+00  6.766768e+00  0  0  0  0  1  
2.896005e-01  3.046141e-01  3.197251e-01  	6.657962e+00  3.580714e+00  2.601730e+00  1.092144e+01  9.639308e+00  6.872672e+00  5.578941e+00  1.050906e+01  -1.158841e+01  -8.554198e+00  -7.981564e-02  0  0  0  0  1  
4.211593e-01  2.378377e-01  3.123271e-01  	6.620116e+00  3.811113e+00  4.861691e+00  7.737708e+00  1.249864e+01  1.303113e+01  7.343396e+00  4.086245e+00  1.058793e+00  3.086646e+00  3.663806e+00  0  0  0  0  1  
5.005579e-01  1.069302e-01  4.103901e-01  	6.239391e+00  5.702277e+00  7.712318e+00  5.418412e+00  1.231430e+01  1.984634e+01  4.727867e+00  3.073950e+00  2.053467e-01  4.469681e+00  1.554677e+01  1  0  0  0  0  
2.779138e-01  4.903648e-01  2.559282e-01  	6.268215e+00  4.699998e+00  5.060865e+00  1.329135e+01  7.959228e+00  9.336666e+00  9.858318e+00  7.251628e+00  -9.403192e+00  7.687505e+00  -2.366121e+00  0  0  0  0  1  
4.964670e-01  1.216602e-01  4.084181e-01  	6.815171e+00  5.287911e+00  8.884186e+00  4.854926e+00  1.154434e+01  1.880778e+01  5.663729e+00  3.624244e+00  -8.491104e-01  8.441174e+00  1.696591e+01  1  0  0  0  0  
3.600657e-01  3.091653e-01  1.989087e-01  2.842628e+00  3.795480e+00  1.159828e+01  7.608736e+00  6.441267e+00  1.021000e+01  9.002585e+00  1.133715e+01  -1.406978e+01  3.093548e-01  1.055631e+01  0  0  0  0  1  
2.857583e-01  3.280916e-01  2.023881e-01  6.896284e+00  2.159389e+00  7.548183e+00  1.220088e+01  1.104492e+01  9.522372e+00  9.547654e+00  8.668505e+00  -1.381678e+01  -6.332675e-01  8.101789e+00  0  0  0  0  1  
4.772425e-01  1.620823e-01  3.972263e-01  	6.849280e+00  3.575179e+00  7.790275e+00  7.225232e+00  1.366404e+01  1.573542e+01  6.325194e+00  3.824452e+00  -1.256062e+00  8.978711e+00  9.670050e+00  1  0  0  0  0  
3.236561e-01  3.801344e-01  1.881092e-01  5.372544e+00  4.027758e+00  9.605623e+00  6.734518e+00  7.995523e+00  9.748836e+00  1.328154e+01  7.666004e+00  -9.041190e+00  1.360844e+01  4.685802e+00  0  0  0  0  1  
3.467288e-01  4.094264e-01  2.426235e-01  4.002043e+00  5.065596e+00  6.660813e+00  1.225173e+01  1.112768e+01  8.830408e+00  9.092349e+00  1.160062e+01  -1.449629e+01  -3.935114e+00  -4.602249e+00  0  0  0  0  1  
3.912002e-01  4.731537e-01  1.384666e-01  	6.629762e+00  3.676617e+00  1.104291e+01  8.991041e+00  5.259349e+00  9.463483e+00  1.176698e+01  3.239860e+00  -1.116452e+01  1.807883e+01  2.935045e+00  0  0  0  1  0  
3.938434e-01  4.573779e-01  1.224601e-01  	7.065306e+00  4.223460e+00  1.267611e+01  1.028360e+01  5.202002e+00  8.332804e+00  1.338220e+01  5.772064e+00  -1.512745e+01  1.678587e+01  6.933274e+00  0  0  0  1  0  
3.439388e-01  2.907062e-01  2.842892e-01  4.579828e+00  4.233491e+00  7.158173e+00  1.151473e+01  1.144864e+01  1.482792e+01  5.351980e+00  3.642404e+00  -4.238011e+00  7.128884e-01  1.153992e+01  0  0  0  0  1  
3.533883e-01  4.341456e-01  1.537080e-01  4.337225e+00  4.369189e+00  6.617964e+00  9.770341e+00  8.026345e+00  9.159606e+00  1.301326e+01  7.544070e+00  -6.354457e+00  8.173315e+00  1.195650e+00  0  0  0  0  1  
2.753686e-01  4.238869e-01  2.335339e-01  4.397629e+00  4.568662e+00  6.389302e+00  1.161723e+01  9.674344e+00  1.009216e+01  7.980594e+00  1.044477e+01  -1.126289e+01  -4.801089e+00  9.164086e-01  0  0  0  0  1  
3.866545e-01  3.721480e-01  2.181099e-01  6.628100e+00  1.265825e+00  1.145974e+01  4.718910e+00  5.948362e+00  1.576670e+01  8.271295e+00  3.704133e+00  -2.376417e+00  2.568454e+01  2.084445e+01  0  0  0  0  1  
3.253086e-01  4.111745e-01  2.738012e-01  4.117370e+00  4.881440e+00  8.000478e+00  1.144240e+01  9.628839e+00  5.782365e+00  1.156838e+01  1.169959e+01  -1.633073e+01  -1.325465e+00  -5.528100e+00  0  0  0  0  1  
3.852995e-01  4.448718e-01  2.003369e-01  	6.164002e+00  3.836228e+00  8.625817e+00  8.857866e+00  9.793401e+00  1.055481e+01  1.175886e+01  6.142160e+00  -9.905880e+00  1.102859e+01  2.348633e+00  0  0  0  0  1  
3.348478e-01  4.409021e-01  2.143313e-01  5.616795e+00  3.496006e+00  9.769571e+00  1.240718e+01  7.467960e+00  9.812250e+00  1.032286e+01  7.926281e+00  -1.657973e+01  4.512761e+00  8.077151e+00  0  0  0  0  1  
2.811912e-01  2.705149e-01  2.409150e-01  3.850117e+00  2.116951e+00  6.725652e+00  7.556066e+00  5.914774e+00  8.616430e+00  1.120267e+01  1.105941e+01  -1.064438e+01  5.714165e+00  9.590208e+00  0  0  0  0  1  
5.885855e-01  1.889177e-01  1.577902e-01  	8.148922e+00  1.325672e+00  1.142804e+01  5.331309e+00  5.041403e+00  8.217771e+00  1.256257e+01  7.223824e+00  -1.411671e+01  2.588269e+01  1.039876e+01  0  0  0  0  1  
4.381803e-01  4.025764e-01  1.968629e-01  	6.325644e+00  2.288969e+00  9.598216e+00  1.102581e+01  7.994695e+00  1.091995e+01  1.004247e+01  5.647206e+00  -1.194541e+01  9.157652e+00  1.389882e+01  0  0  0  0  1  
2.615288e-01  3.615269e-01  3.277572e-01  4.143881e+00  5.327923e+00  7.312057e+00  1.369917e+01  9.184808e+00  9.570761e+00  8.199186e+00  7.863188e+00  -1.113883e+01  -1.840606e+00  3.744498e+00  0  0  0  0  1  
4.494469e-01  4.308971e-01  1.590982e-01  	7.024271e+00  1.107875e+00  1.391540e+01  8.180321e+00  5.248375e+00  1.141655e+01  5.299421e+00  1.176374e+00  -1.310580e+01  1.642000e+01  2.288132e+01  0  0  0  0  1  
2.474727e-01  4.615159e-01  2.375423e-01  5.570696e+00  3.847434e+00  5.419844e+00  1.158968e+01  1.393632e+01  7.396278e+00  1.260281e+01  1.100913e+01  -8.529912e+00  -4.780549e+00  -8.253538e+00  0  0  0  0  1  
3.640858e-01  3.898409e-01  2.572055e-01  7.198036e+00  1.604189e+00  1.194254e+01  7.452027e+00  4.994362e+00  1.154446e+01  7.587096e+00  4.646992e+00  -1.086478e+01  1.646383e+01  2.310367e+01  0  0  0  0  1  
5.954197e-01  1.505652e-01  1.580895e-01  	8.447251e+00  7.462705e-01  1.367478e+01  5.615539e+00  4.045592e+00  1.023641e+01  1.093832e+01  3.548567e+00  -1.524090e+01  3.001527e+01  1.731681e+01  0  0  0  1  0  
3.442884e-01  3.515216e-01  3.587497e-01  	7.346276e+00  3.510776e+00  6.644630e+00  1.008868e+01  1.414452e+01  1.388071e+01  7.627659e+00  4.771557e+00  -1.132034e+00  6.571262e+00  5.386669e+00  0  0  0  0  1  
2.779097e-01  4.903721e-01  2.559223e-01  	6.268270e+00  4.699742e+00  4.572769e+00  1.392611e+01  7.724453e+00  9.360912e+00  1.166925e+01  5.507228e+00  -7.508088e+00  9.496791e+00  -3.259816e+00  0  0  0  0  1  
2.840512e-01  4.135028e-01  2.674303e-01  	7.138910e+00  4.605134e+00  5.173556e+00  1.143109e+01  1.458227e+01  1.121513e+01  1.026835e+01  7.872236e+00  -4.767141e+00  -8.441399e-02  8.391900e-01  0  0  0  1  0  
